1 1.5668228366891161
2 0.5308259778406751
3 0.2627379326990888
4 3.1790742504030085
5 -0.8785274071494856
6 -0.5817755748045585
7 1.796442666875648
8 2.717105974829085
9 -0.9457206132733325
10 1.8135343310494296
11 -1.2277319490958936
12 0.32695293995814556
13 -0.29494776125507927
14 1.61254972186891
15 0.2657233214896216
16 1.3125698685409082
17 1.7216342073156965
18 -1.929838771931006
19 -1.46988455702414
20 0.12340661984509434
21 -1.0692129354747668
22 1.8885810194011106
23 -0.07636651179885402
24 -0.7522501509545595
25 0.6462774279880235
26 2.3161816699866744
27 1.661510324412466
28 0.3295291227121414
29 -0.23678722299545105
30 -2.4274614390949543
31 -2.3500742903661678
32 0.7483756951678427
33 -1.5315994383113272
34 0.00921596852994992
35 0.02508111411893853
36 0.5340701727292295
37 1.2129276835348801
38 0.09457153234408576
39 -1.3031345402007264
40 0.8812136405296981
41 0.9720583393149325
42 1.5112020267613353
43 -0.9610863612060404
44 1.1448673831340948
45 -0.3110040017308293
46 0.5957239561925072
47 -0.9889692172087673
48 1.3163989373031644
49 -0.8215795629020971
50 0.982942160532548
51 0.6055126558284506
52 -0.1939365147189088
53 -0.9677341845989199
54 -0.09768931380107107
55 0.653635926869683
56 -1.3184278343118716
57 0.7657257828282193
58 -0.07207163457879041
59 1.255028217884856
60 -0.6200092643938827
61 1.099096750937949
62 0.33532352390168674
63 -0.07654055766621984
64 -0.532477195113598
65 0.16262919125614736
66 -0.4171145936432384
67 0.566560573323537
68 0.9610168245963577
69 -0.6208201562809832
70 -1.1349804367999468
71 0.20668080250125828
72 -1.4695777538667165
73 -0.3485236986502344
74 -0.10804032971280492
75 1.9441940665258621
76 -0.21085184505004162
77 -0.25800538332642625
78 0.06380301962021542
79 1.1948054849753587
80 -0.7553593495143054
81 -1.8289833427384652
82 -0.4904231368578394
83 0.18921773689009794
84 -1.3700476277566602
85 -0.013719651109605066
86 -1.522030722468979
87 -1.3913418543906273
88 -1.2087312577087053
89 -1.40932553344961
90 3.61134625932604
91 -0.1356683425051165
92 -0.6568977925212836
93 -1.5876191523690957
94 -2.3882027905244074
95 1.6671192506377661
96 -0.7676025323801774
97 -0.031866723055752624
98 0.7335717017380702
99 0.9574520853307602
100 -0.8062331045654241
101 1.6488826334816495
102 -0.17514745409329432
103 -0.7847916738584579
104 0.293589517492162
105 0.418771271106025
106 0.26362651258139996
107 -0.031007122952018292
108 0.9559155048887076
109 -2.0617399679595194
110 -0.32042529078857285
111 -0.011731756656705079
112 -0.7652879370979544
113 0.37777253526069465
114 0.090793379878958
115 1.7589166347124627
116 0.3190036719789222
117 0.5812581418927274
118 0.9832782986493084
119 0.2906195467373996
120 -0.8940148851074303
121 -0.16087778059823474
122 0.9323865657650175
123 -0.7528621755886993
124 -0.785074071159438
125 -0.6600410541272018
126 -0.044728794394911967
127 1.002468706883656
128 0.08559954823560498
129 2.3651706507592825
130 0.5248686099837774
131 0.30211504866359645
132 -1.0938880493744283
133 -1.2911552783053726
134 -1.0524336485077896
135 2.5932137713013903
136 -0.11126549862534772
137 -0.007357188614111829
138 -0.28201405850680816
139 -0.840075575798575
140 0.4725589309077411
141 -0.369384601628926
142 -1.0339415817626296
143 0.3985264048248516
144 1.816703000809327
145 0.6625938018485136
146 -0.20654821199033735
147 0.2750206869324742
148 -1.1045206141803994
149 -0.1992904230256128
150 -0.10107728966737083
151 1.3715736568132637
152 1.7982005502152152
153 0.1541458693924241
154 1.408868420244874
155 -0.25613507319099216
156 0.0664670299074812
157 -0.839475501430415
158 -0.3365691894310749
159 -0.18529325459011584
160 4.119396223120744
161 -1.5176794179120878
162 -0.8722798275689805
163 -2.4618214589944953
164 1.9490280850329467
165 -0.14210654778809229
166 -0.1416369487499903
167 2.647641696722419
168 -0.916095334791525
169 -0.07014318557462093
170 -0.14464541764685823
171 1.152175819943969
172 1.2571883088918205
173 -0.11265037330148764
174 0.3360887179487661
175 -0.9096404565092459
176 -0.5509830543097715
177 0.8163366292657442
178 -0.47750354208357354
179 1.4850643382347886
180 0.7861910740359286
181 0.3936996208306078
182 -0.36538373117444134
183 -0.4136175879921965
184 0.7307065926123574
185 0.16939410544993297
186 0.06253240579294311
187 1.347284037842609
188 -0.3614902756588627
189 -0.10158065298454544
190 0.5748258831418328
191 -0.4555808471676464
192 0.2967006056668986
193 0.7921704847313333
194 0.2579544704139021
195 1.1203076834783452
196 1.0799011915667676
197 -1.2531738045721361
198 0.04838371830607402
199 1.48158139980118
200 -1.6731686698920614
201 0.07547311348071556
202 1.025245162525606
203 -1.7075993494058754
204 -1.3254882164460975
205 -0.6557694789120655
206 -0.027574209213026023
207 -0.8573664531990924
208 -0.7907883487396815
209 -0.10050086172111682
210 -0.6812424536524117
211 -0.6682197531963907
212 -0.23861810295344849
213 1.3222594891115231
214 0.2206801027004368
215 0.058234911539954075
216 -0.44072013588669523
217 1.6297458247480003
218 -0.6454184666737081
219 -0.6306127273750997
220 -1.1604180102552495
221 -0.05151759416829056
222 -1.0472604426097456
223 0.45433252503972743
224 0.6872043130426584
225 1.4253260758671662
226 0.016810633921544593
227 0.21559547242891625
228 -1.5323529490395686
229 0.7014957960760049
230 1.009767163249409
231 -0.1314799844064489
232 0.577422505943351
233 0.8170279077121845
234 1.467805350647599
235 0.09047119805070292
236 0.44935664543742665
237 -0.4655663448232234
238 -0.21143958485483888
239 0.7591256195201059
240 -0.31939094920302247
241 0.49317616621692534
242 -0.5753978734151816
243 -0.9708635588662603
244 0.23474505917186866
245 0.986841240440891
246 1.3704316086599924
247 -0.1586497034760961
248 -2.1982885835590267
249 -0.3940741394878684
250 -1.0325131861697048
251 -0.6138481250948976
252 -0.09605554307875369
253 -0.42115810429992123
254 0.39927924775484164
255 -1.3245345429892632
256 0.9152934985650472
257 -0.8775777043281421
258 1.0428487275320153
259 -0.24991347468623332
260 -0.32502629367574504
261 -0.1382290635423294
262 -2.1094746818070185
263 0.2314090457049502
264 -0.2227670598653252
265 -0.40410907719383743
266 -0.6776965537389811
267 0.27278083278290954
268 0.018720702988658418
269 -0.4275460929587624
270 0.8621828395090666
271 2.9150071673838447
272 1.9179680666290626
273 -0.04052872327884826
274 -1.7992711565452477
275 0.6606170826976113
276 0.0051236281979118664
277 0.41958120754376027
278 0.49601179717256066
279 -0.28604946462448055
280 0.2606700817861502
281 -0.363926695885314
282 0.45866000019380626
283 -2.148146695253794
284 2.6229037037628533
285 1.2288340931982753
286 0.0521388322038862
287 1.2291041853683935
288 1.0480687863508156
289 1.3572395020489676
290 -0.5196324653925953
291 -0.1124219984950908
292 -0.6862255519957349
293 0.5619420224513253
294 -0.9417631722751834
295 0.450500354165971
296 1.6038157772869948
297 -0.3708448873028559
298 -1.0336827413504635
299 0.1948324455900257
300 -1.1666408022217771
301 -2.9999604404723854
302 2.3400156208643383
303 2.642996937984533
304 0.10678855964165027
305 -1.1844905868973945
306 -1.8406207011543647
307 -1.759511629277943
308 -0.91113824666326
309 0.8432736678623559
310 -0.6320872370015103
311 0.8975354797554042
312 -0.11006987631742178
313 -0.25807315485542864
314 -0.7880057323645923
315 -0.35183076048567746
316 2.4465428924611436
317 -3.2480885452025037
318 -0.09570882788964098
319 2.1230764020386834
320 0.6067848846564406
321 2.6716974944915624
322 1.680920386930981
323 -0.8244336623970823
324 1.474955618983803
325 0.7904249294941593
326 1.0300089772172591
327 1.088896827212735
328 -1.1511693749310814
329 -0.7932776736352208
330 0.23061358226725312
331 0.1356987756727575
332 2.285114685712723
333 -0.1378856072085487
334 0.8274205087831631
335 -2.001895923724117
336 0.3258413386162492
337 0.7305282084756908
338 0.2317125858254343
339 -0.7896608182427141
340 1.0054877744306758
341 -1.0493598051087885
342 -1.5754767227105981
343 0.8175840337820856
344 -0.4674524979049047
345 -1.0635442089296756
346 0.15147265059897252
347 0.60751710903313
348 -0.2352383941149239
349 -0.04243361614861721
350 -0.4172521482333779
351 -0.7566253082557526
352 0.09386379044498118
353 0.11329694298066198
354 -0.8145064416981804
355 -1.0129830071092116
356 -0.35622818393104255
357 0.5564390554316279
358 -0.704077533619061
359 0.20773941955180159
360 -0.2588887858413895
361 -0.5505014892621011
362 1.579822566089289
363 1.4287440527495536
364 -1.0215042924961313
365 -2.9648256085695923
366 0.7351165145298756
367 -1.1316858111635923
368 0.44591927569107304
369 1.2626807092660186
370 1.0731883425165532
371 0.5441215873843769
372 -1.3824505849488107
373 -0.6845339686516166
374 0.591649881124803
375 -0.2989195149543602
376 -0.09006540332266873
377 3.1660182793850753
378 0.401580453223138
379 0.07158241957527198
380 -0.3549454328580278
381 0.8233041642767029
382 0.8233956422173248
383 -0.2267097236185843
384 1.0792567837120879
385 0.9505153407434496
386 0.564611368269595
387 -1.1973357472827624
388 0.010807690904460238
389 2.7184075693501604
390 1.0673905846494032
391 0.89971010361963
392 -0.5189626687537591
393 1.0205777854941824
394 -0.7777988914021394
395 -0.2587231751457572
396 -1.189902085730248
397 -1.5603242298774795
398 1.9399078586664542
399 0.16065002221717053
400 3.7634274564279746
401 -1.2809904497716613
402 -0.4202268775202497
403 0.48136729740388046
404 -0.9557079043304068
405 0.3489962301344722
406 -1.8166524251440437
407 0.038312003851125015
408 3.7290886152502747
409 0.06359905051215062
410 0.15789018411972094
411 -1.6636532625879665
412 -0.2668475914320152
413 0.9011200349920194
414 -1.895040995886025
415 2.0859884932165182
416 -0.36830336512764306
417 -1.8779900323093557
418 -0.43491360622334957
419 -3.1843643852675045
420 -0.6694857814733397
421 -1.4129192604768699
422 1.1539530072014141
423 -0.11480152174493966
424 -1.1622012526543921
425 -1.1619374845513477
426 -1.9165003764193358
427 0.5473990389111284
428 0.03385282733380314
429 -1.45375226120628
430 -0.1983191723515946
431 -0.39048910600144954
432 0.7906228524936453
433 0.3792033740999385
434 -0.21870072530698942
435 -0.059272256693596634
436 -0.014612288596862158
437 0.1518574356520933
438 -1.0793273382726745
439 -0.8402254234948697
440 -0.4983514857829436
441 2.8166020888271093
442 0.6487881598170794
443 -0.3096315656950303
444 0.47732684452121543
445 -1.4543744070959326
446 -1.1962225491135885
447 0.008356117264699554
448 0.28167348988233976
449 0.35167382237085887
450 -0.22356342537450719
451 -1.799656503463848
452 -0.18962119656483944
453 0.7302465593611481
454 -0.7440795505667189
455 -0.8464429453064294
456 0.934152281636098
457 3.230195977403982
458 0.490877291510278
459 -0.3434050601797604
460 0.7761897458458998
461 0.3877895375192296
462 -0.6364937166279714
463 -1.3371864038857677
464 0.8333856384032386
465 -0.5979785281084455
466 -2.5293284837701346
467 -0.5270042805803968
468 1.4649118287382732
469 1.487427845735714
470 -0.9459697651976304
471 0.4183380379808262
472 -1.1854920715838664
473 1.9357015567091618
474 -0.4798694880980504
475 1.57134545080963
476 -1.932247308381431
477 -1.9562198441110115
478 0.32476911241034584
479 0.9391487251945193
480 0.6352616437038346
481 -2.2725466409517416
482 1.240203985314998
483 0.5496006748730469
484 0.2641546720878868
485 1.2998779804976193
486 0.6399265901991825
487 -0.6427307791129101
488 0.08513910675631126
489 0.39501663534405906
490 -0.13208336104730192
491 1.105732967815413
492 -1.4679269353619557
493 -1.043630952292032
494 -0.5045906741024314
495 0.3743127304894308
496 -1.7038964537693901
497 0.7109600103027444
498 -3.9445101417015325
499 0.6577369478822898
500 -0.6635773337244943
